0 45
1 63
2 24
3 25
4 40
5 17
6 19
7 137
8 32
9 137
10 34
11 30
12 29
13 86
14 333
15 197
16 24
17 146
18 194
19 21
20 182
21 193
22 234
23 67
24 18
25 119
26 54
27 36
28 21
29 21
30 20
31 82
32 28
33 14
34 34
35 36
36 30
37 82
38 35
39 23
40 91
41 31
42 22
43 21
44 17
45 56
46 49
47 28
48 75
49 70
50 32
51 76
52 26
53 44
54 24
55 28
56 29
57 23
58 32
59 114
60 81
61 25
62 54
63 29
64 94
65 36
66 100
67 70
68 135
69 27
70 21
71 20
72 29
73 29
74 31
75 40
76 30
77 20
78 6
79 94
80 21
81 52
82 25
83 15
84 31
85 59
86 15
87 78
88 79
89 16
90 60
91 30
92 58
93 67
94 29
95 214
96 31
97 126
98 68
99 77
100 60
101 204
102 58
103 107
104 38
105 18
106 8
107 29
108 84
109 29
110 18
111 24
112 27
113 43
114 25
115 17
116 31
117 24
118 28
119 63
120 26
121 56
122 201
123 15
124 34
125 27
126 25
127 33
128 97
129 25
130 27
131 24
132 12
133 19
134 12
135 63
136 19
137 167
138 70
139 20
140 61
141 23
142 23
143 20
144 18
145 32
146 15
147 13
148 26
149 35
150 14
151 28
152 25
153 25
154 24
155 32
156 31
157 18
158 16
159 51
160 23
161 27
162 29
163 109
164 105
165 36
166 29
167 18
168 23
169 44
170 43
171 25
172 20
173 25
174 92
175 32
176 23
177 34
178 35
179 8
180 7
181 31
182 31
183 35
184 7
185 169
186 33
187 88
188 31
189 32
190 37
191 37
192 28
193 44
194 29
195 36
196 30
197 38
198 27
199 158
200 24
201 18
202 21
203 28
204 125
205 86
206 113
207 31
208 27
209 36
210 30
211 140
212 25
213 32
214 27
215 33
216 35
217 14
218 20
219 100
220 22
221 34
222 100
223 33
224 80
225 45
226 59
227 31
228 125
229 31
230 120
231 91
232 55
233 104
234 39
235 37
236 63
237 33
238 23
239 40
240 21
241 57
242 44
243 45
244 26
245 18
246 27
247 17
248 27
249 29
250 23
251 62
252 54
253 22
254 19
255 15
256 22
257 44
258 47
259 21
260 24
261 40
262 27
263 32
264 24
265 28
266 23
267 25
268 18
269 28
270 26
271 26
272 23
273 21
274 23
275 42
276 24
277 16
278 15
279 26
280 36
281 21
282 25
283 28
284 25
285 30
286 22
287 36
288 20
289 32
290 20
291 26
292 22
293 28
294 32
295 38
296 29
297 27
298 24
299 25
300 29
301 23
302 26
303 27
304 27
305 28
306 37
307 32
308 27
309 27
310 41
311 33
312 27
313 36
314 32
315 42
316 31
317 50
318 60
319 45
320 27
321 34
322 32
323 27
324 18
325 157
326 106
327 49
328 28
329 25
330 19
331 29
332 23
333 25
334 26
335 43
336 35
337 37
338 47
339 29
340 32
341 24
342 46
343 35
344 24
345 29
346 10
347 31
348 39
349 27
350 25
351 40
352 26
353 29
354 41
355 31
356 16
357 24
358 24
359 181
360 34
361 20
362 15
363 50
364 42
365 35
366 18
367 65
368 125
369 75
370 19
371 28
372 13
373 17
374 31
375 71
376 185
377 25
378 24
379 40
380 24
381 82
382 84
383 23
384 34
385 16
386 69
387 23
388 83
389 28
390 123
391 86
392 49
393 31
394 84
395 110
396 89
397 32
398 29
399 31
400 133
401 174
402 29
403 18
404 25
405 23
406 31
407 91
408 30
409 31
410 19
411 33
412 25
413 20
414 27
415 30
416 31
417 31
418 25
419 48
420 32
421 19
422 34
423 32
424 33
425 30
426 34
427 22
428 26
429 21
430 31
431 41
432 23
433 25
434 20
435 21
436 22
437 21
438 25
439 32
440 21
441 24
442 21
443 31
444 29
445 17
446 31
447 25
448 28
449 29
450 20
451 31
452 29
453 22
454 18
455 18
456 32
457 19
458 26
459 27
460 28
461 43
462 26
463 28
464 17
465 22
466 22
467 18
468 29
469 18
470 1
471 25
472 25
473 42
474 11
475 21
476 35
477 25
478 34
479 131
480 40
481 28
482 31
483 10
484 35
485 21
486 24
487 34
488 15
489 27
490 26
491 26
492 26
493 8
494 25
495 28
496 28
497 24
498 23
499 26
500 31
501 32
502 27
503 38
504 27
505 34
506 23
507 21
508 29
509 22
510 16
511 20
512 35
513 25
514 25
515 26
516 30
517 29
518 34
519 28
520 28
521 28
522 30
523 20
524 34
525 26
526 52
527 29
528 13
529 26
530 40
531 29
532 26
533 19
534 22
535 24
536 33
537 31
538 27
539 45
540 61
541 26
542 24
543 27
544 28
545 26
546 25
547 26
548 26
549 27
550 28
551 29
552 24
553 21
554 28
555 27
556 27
557 29
558 29
559 42
560 25
561 95
562 23
563 21
564 33
565 29
566 34
567 23
568 28
569 25
570 29
571 25
572 25
573 23
574 18
575 23
576 21
577 22
578 24
579 18
580 23
581 30
582 22
583 14
584 28
585 33
586 30
587 26
588 23
589 84
590 51
591 80
592 24
593 106
594 146
595 41
596 82
597 36
598 31
599 30
600 28
601 31
602 84
603 29
604 55
605 113
606 68
607 23
608 35
609 24
610 22
611 28
612 34
613 24
614 33
615 22
616 29
617 27
618 23
619 22
620 27
621 19
622 18
623 17
624 49
625 22
626 29
627 26
628 29
629 22
630 21
631 28
632 31
633 19
634 125
635 10
636 17
637 17
638 38
639 24
640 27
641 24
642 9
643 18
644 21
645 24
646 26
647 29
648 23
649 7
650 13
651 27
652 30
653 19
654 29
655 31
656 35
657 38
658 41
659 34
660 28
661 30
662 26
663 26
664 29
665 21
666 28
667 36
668 34
669 7
670 28
671 27
672 22
673 26
674 20
675 35
676 21
677 20
678 30
679 15
680 27
681 20
682 44
683 20
684 24
685 52
686 11
687 32
688 24
689 30
690 1
691 40
692 80
693 34
694 30
695 16
696 30
697 16
698 27
699 21
700 40
701 119
702 22
703 15
704 19
705 21
706 20
707 36
708 27
709 31
710 21
711 30
712 22
713 30
714 28
715 49
716 29
717 19
718 26
719 40
720 24
721 20
722 41
723 31
724 21
725 20
726 24
727 76
728 63
729 20
730 12
731 30
732 21
733 74
734 33
735 21
736 66
737 16
738 19
739 21
740 22
741 21
742 31
743 25
744 54
745 25
746 27
747 15
748 19
749 29
750 26
751 21
752 23
753 76
754 21
755 18
756 27
757 23
758 37
759 25
760 20
761 27
762 37
763 22
764 37
765 29
766 26
767 26
768 29
769 38
770 16
771 29
772 25
773 27
774 33
775 23
776 24
777 29
778 26
779 29
780 24
781 10
782 39
783 25
784 29
785 32
786 38
787 26
788 33
789 42
790 19
791 59
792 26
793 34
794 35
795 21
796 29
797 32
798 22
799 38
800 28
801 33
802 29
803 32
804 50
805 75
806 19
807 16
808 22
809 12
810 24
811 20
812 17
813 14
814 23
815 16
816 19
817 26
818 20
819 11
820 15
821 14
822 19
823 27
824 30
825 21
826 30
827 27
828 25
829 28
830 23
831 32
832 35
833 26
834 39
835 31
836 32
837 16
838 17
839 31
840 25
841 18
842 37
843 17
844 26
845 47
846 78
847 22
848 5
849 100
850 26
851 69
852 6
853 75
854 99
855 29
856 30
857 22
858 18
859 23
860 31
861 93
862 26
863 17
864 100
865 26
866 22
867 19
868 27
869 31
870 28
871 21
872 29
873 23
874 25
875 21
876 20
877 19
878 15
879 90
880 31
881 26
882 27
883 21
884 20
885 26
886 24
887 39
888 26
889 32
890 139
891 82
892 39
893 22
894 20
895 21
896 6
897 6
898 119
899 22
900 19
901 49
902 19
903 136
904 34
905 19
906 34
907 32
908 23
909 35
910 31
911 19
912 29
913 24
914 36
915 30
916 30
917 32
918 32
919 34
920 23
921 22
922 17
923 67
924 31
925 28
926 23
927 21
928 29
929 23
930 27
931 24
932 26
933 39
934 33
935 33
936 37
937 28
938 20
939 33
940 25
941 32
942 91
943 65
944 93
945 26
946 26
947 21
948 23
949 28
950 23
951 117
952 27
953 24
954 28
955 84
956 200
957 33
958 32
959 34
960 28
961 18
962 15
963 19
964 24
965 31
966 30
967 98
968 19
969 26
970 17
971 9
972 16
973 63
974 29
975 27
976 24
977 14
978 94
979 103
980 27
981 32
982 28
983 22
984 21
985 31
986 25
987 29
988 31
989 63
990 32
991 31
992 28
993 34
994 6
995 179
996 37
997 35
998 103
999 119
1000 28
1001 42
1002 31
1003 33
1004 37
1005 50
1006 80
1007 19
1008 32
1009 28
1010 195
1011 28
1012 20
1013 20
1014 17
1015 20
1016 24
1017 31
1018 40
1019 30
1020 14
1021 32
1022 35
1023 64
1024 31
1025 69
1026 13
1027 27
1028 27
1029 26
1030 34
1031 139
1032 34
1033 92
1034 45
1035 91
1036 45
1037 39
1038 74
1039 24
1040 50
1041 24
1042 34
1043 26
1044 128
1045 87
1046 29
1047 45
1048 22
1049 41
1050 24
1051 17
1052 21
1053 71
1054 18
1055 33
1056 24
1057 25
1058 28
1059 28
1060 31
1061 30
1062 20
1063 163
1064 75
1065 21
1066 25
1067 55
1068 97
1069 19
1070 26
1071 26
1072 26
1073 15
1074 52
1075 27
1076 32
1077 30
1078 23
1079 15
1080 27
1081 24
1082 58
1083 18
1084 23
1085 85
1086 19
1087 74
1088 19
1089 70
1090 101
1091 17
1092 30
1093 21
1094 23
1095 27
1096 15
1097 23
1098 27
1099 32
1100 28
1101 30
1102 34
1103 23
1104 170
1105 23
1106 29
1107 23
1108 19
1109 21
1110 36
1111 24
1112 25
1113 29
1114 23
1115 59
1116 26
1117 6
1118 41
1119 23
1120 23
1121 24
1122 19
1123 23
1124 27
1125 23
1126 29
1127 15
1128 19
1129 28
1130 27
1131 59
1132 13
1133 40
1134 19
1135 17
1136 60
1137 74
1138 21
1139 18
1140 27
1141 98
1142 35
1143 39
1144 34
1145 31
1146 22
1147 36
1148 29
1149 114
1150 20
1151 24
1152 48
1153 25
1154 23
1155 46
1156 31
1157 22
1158 16
1159 18
1160 26
1161 58
1162 21
1163 17
1164 30
1165 29
1166 25
1167 53
1168 133
1169 31
1170 30
1171 103
1172 52
1173 47
1174 28
1175 25
1176 23
1177 45
1178 24
1179 30
1180 32
1181 37
1182 213
1183 50
1184 28
1185 21
1186 54
1187 49
1188 15
1189 14
1190 16
1191 25
1192 21
1193 122
1194 83
1195 28
1196 28
1197 12
1198 35
1199 18
1200 32
1201 30
1202 22
1203 148
1204 20
1205 14
1206 27
1207 21
1208 33
1209 24
1210 29
1211 23
1212 18
1213 30
1214 32
1215 29
1216 31
1217 25
1218 30
1219 16
1220 64
1221 17
1222 22
1223 21
1224 28
1225 30
1226 34
1227 33
1228 34
1229 15
1230 22
1231 54
1232 18
1233 32
1234 61
1235 32
1236 35
1237 23
1238 53
1239 18
1240 21
1241 28
1242 44
1243 44
1244 19
1245 19
1246 35
1247 32
1248 45
1249 98
1250 37
1251 19
1252 25
1253 33
1254 24
1255 24
1256 17
1257 350
1258 122
1259 73
1260 8
1261 129
1262 76
1263 62
1264 309
1265 168
1266 48
1267 33
1268 79
1269 62
1270 62
1271 24
1272 137
1273 14
1274 8
1275 19
1276 31
1277 49
1278 28
1279 30
1280 31
1281 37
1282 45
1283 32
1284 24
1285 152
1286 28
1287 129
1288 186
1289 70
1290 33
1291 57
1292 12
1293 85
1294 87
1295 125
1296 28
